0 quick_start
0 Author: LEGO Digital Designer 3.1
1 1 19.999992370605469 -69.500099182128906 -209.99998474121094 -1 0 0 0 1 0 0 0 -1 6558.dat
1 151 39.999980926513672 -69.375099182128906 -250.00004577636719 0 -1 0 -1 0 0 0 0 -1 32524.dat
1 1 19.999990463256836 -69.500099182128906 -230.00004577636719 -1 0 0 0 1 0 0 0 -1 6558.dat
1 151 19.999980926513672 -30.000129699707031 -249.99996948242187 1 0 0 0 -1 0 0 0 -1 53787.dat
1 0 -9.9999971389770508 -9.5000553131103516 -89.999885559082031 1 0 0 0 1 0 0 0 1 2780.dat
1 151 -20.000940322875977 -9.3749332427978516 -29.999753952026367 0 -1 0 -1 0 0 0 0 -1 40490.dat
1 0 -9.9999990463256836 -9.4998598098754883 -109.99964141845703 1 0 0 0 1 0 0 0 1 2780.dat
1 0 -30.001571655273438 -9.5000762939453125 30.000432968139648 1 0 0 0 1 0 0 0 1 2780.dat
1 0 -70.000526428222656 -69.500083923339844 -89.999847412109375 1 0 0 0 1 0 0 0 1 2780.dat
1 72 -79.999763488769531 -149.40220642089844 -9.3863430023193359 0 -1.0000001192092896 0 -0.60179787874221802 0 0.79864859580993652 -0.79864859580993652 0 -0.60179775953292847 6629.dat
1 19 -70.000442504882813 -69.499893188476562 -129.99995422363281 -1 -1.1671266292978544E-005 0 -1.1671266292978544E-005 1 0 0 0 -1 3749.dat
1 151 -60.001270294189453 -30.000486373901367 -149.99966430664062 1 1.1901669495273381E-005 0 1.1901669495273381E-005 -1 0 0 0 -1 53787.dat
1 0 -94.0008544921875 -29.50010871887207 -149.99967956542969 1 0 0 0 1 0 0 0 1 3705.dat
1 71 -97.000869750976563 -29.500144958496094 -149.99977111816406 0 -1.1671267202473246E-005 -1 0 0.99999994039535522 -1.1671267202473246E-005 1 0 0 32123.dat
1 71 -124.00086212158203 -30.000457763671875 -149.99984741210937 0 -1.1671268111967947E-005 -1 0 1 -1.1671268111967947E-005 1 0 0 56145.dat
1 0 -124.00086975097656 -30.000459671020508 -149.9998779296875 0 -1.1671267202473246E-005 1 0 0.99999994039535522 1.1671267202473246E-005 -1 0 0 44309.dat
1 0 -70.000473022460937 -69.5 -109.99984741210937 1 0 0 0 1 0 0 0 1 2780.dat
1 1 -60.000961303710938 -29.500589370727539 70.000190734863281 0 -1.3292465155245736E-005 -1 0 0.99999994039535522 -1.3292465155245736E-005 1 0 0 6558.dat
1 72 -19.374679565429688 -110.00003814697266 89.999908447265625 -1 0 0 0 0 1.0000001192092896 0 1.0000001192092896 0 32526.dat
1 0 -20.000232696533203 -69.500053405761719 79.999908447265625 0 -1.3224274880485609E-005 1 0 1 1.3224274880485609E-005 -1 0 0 2780.dat
1 71 20.000003814697266 -109.49964904785156 69.82330322265625 1 0 0 0 1 0 0 0 1 32073.dat
1 71 19.999988555908203 -109.49965667724609 69.823318481445313 0 0 1 0 0.99999994039535522 0 -1 0 0 3713.dat
1 71 59.999950408935547 -90.000015258789063 69.999870300292969 1 0 0 0 1 0 0 0 1 42003.dat
1 71 -20.000045776367188 -90.000030517578125 69.999885559082031 1 0 0 0 1 0 0 0 1 42003.dat
1 0 19.999763488769531 -79.994186401367188 200.32389831542969 1.0816750545927789E-005 0 -1.0000001192092896 -1.0000001192092896 -1.6541420336579904E-005 -1.0729471796366852E-005 -1.6628699086140841E-005 1.0000001192092896 0 3705.dat
1 71 19.999418258666992 -49.994186401367188 200.32420349121094 0.99999994039535522 0 1.1325630111969076E-005 1.1325630111969076E-005 0 -1 0 1 0 3713.dat
1 0 19.999847412109375 -89.994194030761719 199.32379150390625 -1 -1.0886373274843208E-005 1.1009898116753902E-005 -1.1010007256118115E-005 1.0081040272780228E-005 -1 1.0886263225984294E-005 -1 0 32498.dat
1 151 4.0978193283081055E-005 -109.37255859375 109.82329559326172 0 -1 4.187553349765949E-005 -1 0 -4.1751896787900478E-005 4.1751900425879285E-005 -4.1875529859680682E-005 -1 32525.dat
1 0 20.000057220458984 -109.99417114257812 200.32330322265625 -1 0 0 0 -1.1160965186718386E-005 1.0000001192092896 0 1.0000001192092896 1.1429747246438637E-005 32138.dat
1 151 40.000026702880859 -109.3746337890625 109.82331848144531 0 -1 0 -1 0 0 0 0 -1 32525.dat
1 1 20.000076293945313 -109.50020599365234 9.823307991027832 1 0 0 0 1 0 0 0 1 6558.dat
1 25 19.999643325805664 -49.999763488769531 9.1984100341796875 0 -1.0000001192092896 0 0 0 -1.0000001192092896 1.0000001192092896 0 0 32140.dat
1 1 19.999963760375977 -89.499542236328125 9.8232946395874023 -1 0 0 0 1 0 0 0 -1 6558.dat
1 72 39.999847412109375 -89.999710083007812 10.624923706054687 0 -1.0000001192092896 0 0 0 1.0000001192092896 -1.0000001192092896 0 0 32526.dat
1 1 60.000396728515625 -9.4998464584350586 -10.000309944152832 -1 0 0 0 1 0 0 0 -1 6558.dat
1 151 60.000152587890625 -9.3752336502075195 -30.000396728515625 0 -1 0 -1 0 0 0 0 -1 40490.dat
1 0 50 -9.5001182556152344 -110.00016021728516 1 0 0 0 1 0 0 0 1 2780.dat
1 0 50 -9.500086784362793 -70.000114440917969 1 0 0 0 1 0 0 0 1 2780.dat
1 0 70.00030517578125 -9.4994611740112305 29.999568939208984 1 0 0 0 1 0 0 0 1 2780.dat
1 151 100.00182342529297 -29.999959945678711 -150.00010681152344 1 -1.5396542949019931E-005 1.0445872248965316E-005 -1.5396542949019931E-005 -1 0 1.0445870429975912E-005 0 -1 53787.dat
1 19 110.00101470947266 -69.499549865722656 -130.00025939941406 1 0 0 0 1 0 0 0 1 3749.dat
1 72 119.99852752685547 -149.40180969238281 -9.3865165710449219 0 -1 1.9187835277989507E-005 -0.60179269313812256 1.5817868188605644E-005 0.79865235090255737 -0.79865235090255737 -1.090743717213627E-005 -0.60179269313812256 6629.dat
1 0 134.00186157226562 -29.499849319458008 -149.99989318847656 1 0 0 0 1 0 0 0 1 3705.dat
1 71 162.00184631347656 -30.000288009643555 -149.99958801269531 0 1.5626848835381679E-005 1 0 1 -1.5626848835381679E-005 -1 0 0 56145.dat
1 0 162.00186157226562 -30.000288009643555 -149.99958801269531 -1.0295649190084077E-005 1.5627008906449191E-005 -1 0 0.99999994039535522 1.5627008906449191E-005 1 0 -1.0295649190084077E-005 44309.dat
1 71 135.00184631347656 -29.499868392944336 -149.99986267089844 -1.0295649190084077E-005 1.5627008906449191E-005 -1 0 0.99999994039535522 1.5627008906449191E-005 1 0 -1.0295649190084077E-005 32123.dat
1 0 110.0006103515625 -69.499679565429688 -90.000251770019531 1 0 0 0 1 0 0 0 1 2780.dat
1 1 79.999153137207031 -29.499805450439453 69.999656677246094 0 0 -1 0 0.99999994039535522 0 1 0 0 6558.dat
1 72 59.375137329101563 -110.00013732910156 89.999618530273438 0.99999994039535522 0 -1.0081171240017284E-005 1.0081171240017284E-005 0 1 0 -1 0 32526.dat
1 0 59.999668121337891 -69.500099182128906 79.999725341796875 0 -1.0135452612303197E-005 1 0 1 1.0135452612303197E-005 -1 0 0 2780.dat
1 0 99.999244689941406 -29.499805450439453 79.999618530273438 0 -1.0369391020503826E-005 1 0 1 1.0369391020503826E-005 -1 0 0 2780.dat
1 151 19.999164581298828 -29.375759124755859 70.000205993652344 0 0 -1.0000001192092896 -1.0000001192092896 0 0 0 1.0000001192092896 0 32525.dat
1 0 -40.000888824462891 -29.500350952148437 80.000076293945313 0 0 1 0 1 0 -1 0 0 2780.dat
1 0 -80.001113891601563 -29.500696182250977 60.000217437744141 0 0 1 0 1 0 -1 0 0 2780.dat
1 0 119.99909973144531 -29.499668121337891 59.9996337890625 0 0 1 0 1 0 -1 0 0 2780.dat
1 1 59.999889373779297 -89.500114440917969 89.999748229980469 0 0 -1 0 0.99999994039535522 0 1 0 0 6558.dat
1 71 59.999977111816406 -110.62495422363281 110.00086975097656 1 0 0 0 1 0 0 0 1 6536.dat
1 71 20.000011444091797 -109.4996337890625 109.82314300537109 1 0 0 0 1 0 0 0 1 32073.dat
1 71 20.000003814697266 -109.49957275390625 109.82322692871094 0 0 1 0 0.99999994039535522 0 -1 0 0 3713.dat
1 71 -20.000019073486328 -110.62483978271484 110.00103759765625 1 0 0 0 1 0 0 0 1 6536.dat
1 1 -20.000059127807617 -89.499969482421875 90.000030517578125 0 0 -1 0 0.99999994039535522 0 1 0 0 6558.dat
1 0 110.00082397460937 -69.499610900878906 -110.00025177001953 1 0 0 0 1 0 0 0 1 2780.dat
1 1 60.00054931640625 -9.4994258880615234 9.999608039855957 -1 1.5249004718498327E-005 0 1.5249004718498327E-005 1 0 0 0 -1 6558.dat
1 0 50.000225067138672 -9.5002546310424805 -90.000267028808594 1 0 0 0 1 0 0 0 1 2780.dat
1 71 19.999761581420898 -69.499244689941406 9.7371940612792969 1 0 0 0 1 0 0 0 1 4519.dat
1 72 -3.4570693969726563E-005 -89.999732971191406 10.448068618774414 0 -1 -1.3712552572542336E-005 0 -1.3652737834490836E-005 1 -1 0 0 32526.dat
1 1 -20.001455307006836 -9.5000438690185547 10.000292778015137 1 0 0 0 1 0 0 0 1 6558.dat
1 1 -20.001203536987305 -9.4999685287475586 -9.9996500015258789 1 0 0 0 1 0 0 0 1 6558.dat
1 1 20.000072479248047 -109.50013732910156 29.823282241821289 1 0 0 0 1 0 0 0 1 6558.dat
1 71 -0.00032811850542202592 -70.939186096191406 139.83659362792969 -1.0817108886840288E-005 -1.0000001192092896 0 0.99987167119979858 -1.0816705980687402E-005 0.016025645658373833 -0.016025645658373833 0 0.99987167119979858 32348.dat
1 4 -8.0008811950683594 -21.186790466308594 234.75148010253906 -1 0 0 0 -0.80951178073883057 -0.58710372447967529 0 -0.58710372447967529 0.80951213836669922 32062.dat
1 0 -22.000904083251953 -20.631345748901367 234.84042358398438 0 -1.0000001192092896 0 0.59856945276260376 0 0.80107104778289795 -0.80107104778289795 0 0.59856951236724854 60483.dat
1 71 19.999643325805664 -70.618873596191406 179.82398986816406 -1.0926263712462969E-005 0 -1 1 1.5502715541515499E-005 -1.0928128176601604E-005 1.5500849258387461E-005 -1 0 48989.dat
1 71 39.999668121337891 -70.938804626464844 139.83663940429688 -1.0817093425430357E-005 -1.0000001192092896 0 0.99987167119979858 -1.0816690519277472E-005 0.016025647521018982 -0.016025647521018982 0 0.99987167119979858 32348.dat
1 4 49.999099731445313 -21.185731887817383 234.75088500976562 0.99999994039535522 0 -1.7344005755148828E-005 0 -0.80861574411392212 0.58833712339401245 -1.7283928173128515E-005 -0.58833712339401245 -0.80861574411392212 32062.dat
1 0 61.999095916748047 -20.781295776367188 235.04507446289062 0 -1 0 0.58833569288253784 0 0.8086167573928833 -0.8086167573928833 0 0.58833569288253784 60483.dat
1 71 39.998920440673828 -5.0097951889038086 246.51255798339844 -1.6930316633079201E-005 0 -0.99999994039535522 0.59857261180877686 -0.80106854438781738 0 -0.80106848478317261 -0.59857261180877686 1.5508234355365857E-005 3713.dat
1 71 15.998917579650879 -5.0100502967834473 246.51255798339844 -1 0 0 0 -0.80106937885284424 -0.5985715389251709 0 -0.5985715389251709 0.80106943845748901 32073.dat
1 71 -2.0010790824890137 -5.0102596282958984 246.51255798339844 -1.6930316633079201E-005 0 -0.99999994039535522 0.59857261180877686 -0.80106854438781738 0 -0.80106848478317261 -0.59857261180877686 1.5508234355365857E-005 3713.dat
1 0 19.99894905090332 -5.1608586311340332 246.71714782714844 1.7535663573653437E-005 0 0.99999994039535522 -0.59856808185577393 -0.80107194185256958 0 0.8010718822479248 -0.59856808185577393 -1.5526738934568129E-005 32498.dat
1 0 -9.9999990463256836 -9.5000228881835938 -69.999786376953125 1 0 0 0 1 0 0 0 1 2780.dat
1 151 -2.2053718566894531E-005 -69.375099182128906 -250 0 -1 0 -1 0 0 0 0 -1 32524.dat
1 1 19.999992370605469 -69.500099182128906 -270 -1 0 0 0 1 0 0 0 -1 6558.dat
1 151 19.99998664855957 -70.000099182128906 -290 1 0 0 0 1 0 0 0 1 53792.dat
1 1 19.99998664855957 -69.500099182128906 -310 -1 0 0 0 1 0 0 0 -1 6558.dat
